$ANSIBLE_VAULT;1.1;AES256
66656233326235666334633164663864646533643062393038303263316433643137663134386561
3765393238646631323262646135303732326663333531300a333537346534653163366339333339
39613034613735383335333664353131656662323438366535653563356536333932356631666535
3538643365356566610a386234393236653233663566646365626161366366613330346639393933
64333535366563653632373234643733636334353231393237336236336465613732353263383362
39313331393836386338383731353232303637613061306432393530306362663338303436393339
33623164316339373065353534303461633361666537356436656563383863656662646462313866
61326261386564306165346336343931373332346265626463353162633166356266663266396534
33333935666237663461306637346430343333333232353863633234633032626237336534653939
66653635336231663235386564666365613730653763316565663434396466633631643334643336
61343632393562326335306232616464363932393231656664643839353035633765626165653433
31636461613836623133346565633331613833313666313030613631333963366239323265313135
33623833383163626164313162373961363532623766336437353731653262356438343761346232
38373463353863636462653135633464313336613563393862383465353132373132303964653632
39363132353861383661643066313835326261663262396230366434626531346536353731366364
37343637623262396636373931313362386366313938346364316564333734343037313639663133
30393434373561663336316334626462353737636635373863623932376664333735636563353335
32326434356135643339613739613036363135343161653736306339366564333961636334313934
35393335336166626134376237323838376530373863313533653938366232643039633931323935
64663632656166643334356232643063356330366531346664373838363966363435373336353039
66336662373362633236666532656266363666366235316563623435383235346662653837376664
39656136636333373636376138663630376433613335616564653239663438306238356330356666
30633835333934633361626133313565383739653765393264653838393366393565326435643165
33666434653239363366663035616637663466633135653065366363643639313237316265633466
35323333653661323636336334386237623235636438623138343732386464626530363066336664
35643635333332366563633364383838313064376364393034303239356462326633666638633035
32376663333737633464373564636666303233333664313237336634313561623732306535353031
38373039633732323262303866666430626239303531383936306633386337636166383161353533
65303837386536663835323335663231663266656534323366336164333331393231316131653261
38616266386339353132353939333536656630376234633265343332633461326332613434313066
37353437326166623234666237663031626239393231376636623531373361313131656232336338
64326361353866393464663033313939313631383330636233646261613662333235356261633438
65636639323831626431333066626666376533376166613533383333656338313038313234666630
36356462383565633432323534396637633764316564623266626365643230303465353162363032
65313936626438313330376233343663623930663135663835663330343430626431356363663939
61643263333337623434623636626238326636326239313539383538346631356431376131376637
61306663386265353432626463653865396230373163396634363434373763323933393864333231
65626561616264336338653563656233643332323063323835356439633962346433393730353664
36616231366133313631633865663066633138653736373832326134656430383161333137306535
38636663346662616339383464383766613630343431663865643734636264313861346530656566
63383237663662393836343233396164353130633232636530663763333835313138316339336134
39393237373364366661306364383862353030613965623161346233343234363165373434363536
62643934646131323733366131623839376137383436643162323937663039373133363330316463
33346535396465373231316138353765663532633032376131333062303239363031303738643636
34626537386564663730373431323961373633663833333064326334323334383961323365636539
66333861376232666466633063303563333632323331373438623631333934393562613830376336
64303662636631383239323566363031636435666135383932346133356438653732343033363165
33303031343638393164343730666464383135353433646334376463386634663937316238623634
63333663643136316436326136626464393933646164366666303833306534373436323038343335
61303365373965313635376236323438363032373039333733383363363536316362653662613464
64656661616536396464376639646262366265643637666565373539313966366363316432643064
31376562653230313564333061363930393161653063626538633439396432663631616662626634
33643537643238643761353430363538393637396139396135373632653831366633653966613534
65386230633462653365373934393336663137616439613062616163393033333464386466633036
61363638643737646334373436303066383531313736623737343233306461373563316130373464
33363964323735663263303861643262366436366635386336373062636566623762346661643239
65313931316365623037343165623934643738626336663431383832633262393662663061383634
66303863373135326365643062613830303262306439653133323166376530633864376136373832
61336435343633666637333266393465623238633962666166333031393466656133643639316165
62366365626336626265333964343932653835653038386238353266346466663536313761333331
38626565623065383161663837363164313833306430383732373730323062383135653663643762
64653862663537633265626363613430386435376364316163313835626136646665616365356531
62656531313639353764346537366561393561323131343665373336626461373030393532636532
33323334663534303662366431343761353830356330643238646432336635623433336532643034
39373932633936623834623135353930656631323931666363333239373662353764383333386231
33333834373361353035613739323432656236616630313530373965343566306361346261626464
66646566643436306435366631356234343761366131393633653434386230636232313338366339
64626566326465393435636132646166626465636264316330346337383461343462616331313434
32613465363162663565343232336332656139363335323637343332373330373464663430373537
31313465343761316235333764386663613964383730363330393663323030303630383438343038
65373435353861656466613863626461303265336261333030323236303336373635333965666661
64353037616332353530326133363537626538613632303435616437326363663234666364636464
37656139313031656434373032373963653332613932393038663163623966663362353534643731
38373663366331383534643633333166386434393861343032303831306338306465623730326331
37386630663439633532313036656363376132383736373736343966376335376537393463353337
63643730653563356330353836613333353038383332393235623036623231373338393431653035
61633733663161306361383562646661386230346139303361393966613639343333663032626633
30393530353562373537393066303462343564386363643062343062383362303737643432393436
30386630643633333439653835623365323239353862616333346332626637643733663466323038
39346165653131626166386632323539333030633433373435393935373261653961343661643230
32636138323036383839356638633333653039343630353231613337316330343633663064633531
31356666613161653834343061623264663730616238376138666332373965373235366132666239
30303261383230643661303961663432343535363937313234373964616563323833333731333635
32653865336264363661323139326636313961653636383935363435613235326430663766616437
64333639363833626230383831653636326334393137346565366537306335623661663538393032
33616561623830366131393339396332366266303466303735376331643838393131626165373764
63393663306262363266316237313134323965636434373035363333666330633963323239633332
63653037386633363935
